1077
1500
1501
1502
3220
3221
3222
3223
3224
3225
3287
3298
3314
3315
3322
3512
3921
4039
4060
4076
4790
4791
4854
4855
4856
4864
4866
4867
4868
4869
4870
4873
4880
4881
4882
4883
4886
4935
4954
4955
4966
5091
5186
5199
5221
5226
5476
5477
5481
5519
5557
5757
5852
5857
5858
5890
5892
5909
5910
6037
6039
6040
6041
6042
6091
6152
6153
6155
6156
6158
6159
6160
6161
6162
6164
6167
6467
6468
6470
6471
6472
6473
6496
6497
6498
6499
6500
6501
6537
6538
6539
6544
6548
6549
6550
6617
6633
6634
6635
6636
6637
6638
6639
6648
6959
7541
13788
13808
13809
13922
14408
14953
15714
